1.
1 0 0 9 0 7 0 0 3
0 8 0 0 0 0 0 7 0
0 0 9 0 0 0 6 0 0
0 0 7 2 0 9 4 0 0
4 1 0 0 0 0 0 9 5
0 0 8 5 0 4 3 0 0
0 0 3 0 0 0 7 0 0
0 5 0 0 0 0 0 4 0
2 0 0 8 0 6 0 0 9

2.
0 0 0 3 0 2 0 0 0
0 5 0 7 9 8 0 3 0
0 0 7 0 0 0 8 0 0
0 0 8 6 0 7 3 0 0
0 7 0 0 0 0 0 6 0
0 0 3 5 0 4 1 0 0
0 0 5 0 0 0 6 0 0
0 2 0 4 1 9 0 5 0
0 0 0 8 0 6 0 0 0

3.
0 0 0 8 0 0 0 0 6
0 0 1 6 2 0 4 3 0
4 0 0 0 7 1 0 0 2
0 0 7 2 0 0 0 8 0
0 0 0 0 1 0 0 0 0
0 1 0 0 0 6 2 0 0
1 0 0 7 3 0 0 0 4
0 2 6 0 4 8 1 0 0
3 0 0 0 0 5 0 0 0

4.
3 0 5 0 0 4 0 7 0
0 7 0 0 0 0 0 0 1
0 4 0 9 0 0 0 3 0
4 0 0 0 5 1 0 0 6
0 9 0 0 0 0 0 4 0
2 0 0 8 4 0 0 0 7
0 2 0 0 0 7 0 6 0
8 0 0 0 0 0 0 9 0
0 6 0 4 0 0 2 0 8

5.
0 0 0 7 0 0 3 0 0
0 6 0 0 0 0 5 7 0
0 7 3 8 0 0 4 1 0
0 0 9 2 8 0 0 0 0
5 0 0 0 0 0 0 0 9
0 0 0 0 9 3 6 0 0
0 9 8 0 0 7 1 5 0
0 5 4 0 0 0 0 6 0
0 0 1 0 0 9 0 0 0

6.
0 0 0 6 0 0 0 0 4
0 3 0 0 9 0 0 2 0
0 6 0 8 0 0 7 0 0
0 0 5 0 6 0 0 0 1
6 7 0 3 0 1 0 5 8
9 0 0 0 5 0 4 0 0
0 0 6 0 0 3 0 9 0
0 1 0 0 8 0 0 6 0
2 0 0 0 0 6 0 0 0

7.
8 0 0 0 0 1 0 4 0
2 0 6 0 9 0 0 1 0
0 0 9 0 0 6 0 8 0
1 2 4 0 0 0 0 0 9
0 0 0 0 0 0 0 0 0
9 0 0 0 0 0 8 2 4
0 5 0 4 0 0 1 0 0
0 8 0 0 7 0 2 0 5
0 9 0 5 0 0 0 0 7

8.
6 5 2 0 4 8 0 0 7
0 7 0 2 0 5 4 0 0
0 0 0 0 0 0 0 0 0
0 6 4 1 0 0 0 7 0
0 0 0 0 8 0 0 0 0
0 8 0 0 0 4 5 6 0
0 0 0 0 0 0 0 0 0
0 0 8 6 0 7 0 2 0
2 0 0 8 9 0 7 5 1

9.
0 0 6 0 0 2 0 0 9
1 0 0 5 0 0 0 2 0
0 4 7 3 0 6 0 0 1
0 0 0 0 0 8 0 4 0
0 3 0 0 0 0 0 7 0
0 1 0 6 0 0 0 0 0
4 0 0 8 0 3 2 1 0
0 6 0 0 0 1 0 0 4
3 0 0 4 0 0 9 0 0

10.
0 0 4 0 5 0 9 0 0
0 0 0 0 7 0 0 0 6
3 7 0 0 0 0 0 0 2
0 0 9 5 0 0 0 8 0
0 0 1 2 0 4 3 0 0
0 6 0 0 0 9 2 0 0
2 0 0 0 0 0 0 9 3
1 0 0 0 4 0 0 0 0
0 0 6 0 2 0 7 0 0

11.
0 0 0 0 3 0 7 9 0
3 0 0 0 0 0 0 0 5
0 0 0 4 0 7 3 0 6
0 5 3 0 9 4 0 7 0
0 0 0 0 7 0 0 0 0
0 1 0 8 2 0 6 4 0
7 0 1 9 0 8 0 0 0
8 0 0 0 0 0 0 0 1
0 9 4 0 1 0 0 0 0 
